6 2 10 18 5   0 13 12 0 3   0 0 15 21 25   11 8 9 24 0   23 17 0 0 0   
4 13 0 0 0   0 0 0 21 0   0 8 0 0 0   0 17 0 0 0   0 0 0 0 0   
0 0 0 21 0   11 8 0 24 0   23 0 16 22 0   6 2 10 0 5   4 13 0 1 0   
11 8 9 0 19   0 0 0 0 7   6 2 0 0 5   4 13 0 1 0   0 0 15 21 0   
23 0 0 22 0   0 2 0 18 5   4 0 0 1 3   14 0 0 0 0   0 0 0 0 19   

2 0 18 0 0   0 12 1 3 0   20 15 0 25 0   0 0 24 0 0   17 0 0 7 6   
13 0 1 3 0   20 15 21 0 0   8 9 24 19 23   0 0 22 7 6   0 10 18 5 0   
0 0 0 0 11   0 9 24 0 0   17 0 22 7 0   2 10 18 0 4   0 12 1 3 14   
8 9 24 0 0   17 16 0 7 6   0 10 18 0 0   0 0 0 0 14   20 0 21 0 0   
17 0 0 0 6   0 0 0 5 4   0 12 0 0 0   20 0 21 0 0   8 9 0 19 23   

10 0 5 0 0   12 0 0 14 20   0 21 0 0 8   9 0 0 0 17   16 0 0 0 2   
12 1 0 0 20   15 0 25 11 0   0 0 0 23 17   0 0 7 0 2   10 0 5 0 13   
0 0 25 0 8   0 0 0 23 17   16 0 7 6 2   0 0 0 0 13   0 0 0 0 20   
9 24 0 0 0   16 0 7 6 0   0 0 0 0 13   12 0 0 0 20   15 0 0 11 8   
0 22 0 0 2   0 18 5 4 13   12 0 0 14 0   15 0 25 0 0   9 0 19 0 17   

0 0 0 0 0   1 0 14 20 15   21 0 11 8 9   24 0 23 17 16   0 7 6 0 10   
1 0 14 0 15   21 0 0 8 9   0 0 23 17 0   0 7 0 0 10   0 0 4 13 0   
21 25 11 8 9   0 0 23 0 16   22 7 6 2 0   0 0 4 0 0   0 0 14 20 15   
24 19 0 17 0   22 0 6 2 10   18 0 0 13 0   1 0 0 20 15   21 25 0 8 9   
22 7 6 2 0   18 5 0 0 0   1 3 0 20 15   0 0 11 8 9   24 19 0 0 0   

0 0 0 12 0   3 14 20 0 21   0 0 0 0 0   19 23 0 16 0   0 0 2 0 0   
3 14 20 15 0   0 11 8 9 0   0 23 0 0 0   7 6 2 10 0   5 0 13 12 0   
0 11 0 0 24   19 23 0 16 22   0 6 2 10 18   5 0 0 0 0   3 14 20 0 21   
0 23 0 0 0   7 6 2 10 0   0 0 13 0 0   3 14 20 0 21   25 0 0 9 24   
7 0 2 0 0   0 4 13 12 0   3 0 20 0 21   0 11 8 9 24   19 23 17 16 22   