12 0 3 0 0   6 9 13 14 25   15 19 7 21 11   0 0 0 0 23   10 2 24 16 8
0 0 0 14 0   15 0 7 21 11   17 0 0 1 23   0 2 24 16 0   0 0 3 0 5
15 0 7 21 0   17 18 0 1 0   0 0 0 16 0   0 0 3 0 0   0 0 13 14 0
17 18 22 0 23   10 0 0 16 0   0 4 0 0 0   6 9 13 14 0   15 19 7 0 0
0 0 24 0 0   12 0 3 20 5   6 0 0 0 0   15 0 0 21 11   0 0 0 0 23

4 3 0 0 6   9 0 14 0 0   19 7 0 11 0   0 22 1 0 10   0 24 0 0 12
0 13 14 25 15   0 0 0 0 0   0 0 0 23 0   0 24 16 8 0   0 0 0 5 6
0 0 0 0 17   0 0 1 23 10   2 24 0 0 12   0 3 20 5 0   9 0 14 0 15
0 0 0 0 10   0 0 0 0 12   4 0 0 0 6   0 13 0 25 0   19 0 21 0 17
2 0 16 0 0   4 0 0 5 6   0 0 14 0 15   0 7 0 11 0   18 22 0 0 10

0 0 5 0 9   13 0 0 15 0   0 21 0 0 0   22 1 0 0 0   24 0 8 12 0
0 14 0 0 0   7 21 11 17 0   22 0 23 10 2   0 16 0 0 4   0 20 5 0 9
7 0 11 0 18   0 0 0 10 0   0 0 8 12 4   0 20 0 6 9   13 0 25 15 19
22 0 23 0 2   0 16 0 12 0   0 0 5 0 0   0 0 25 15 0   0 21 11 0 0
0 0 0 0 0   0 20 0 0 9   13 0 0 0 19   7 0 11 17 18   22 1 23 0 0

20 0 6 0 0   14 25 0 0 7   0 11 17 0 22   1 0 0 2 0   0 8 12 4 0
14 0 15 0 0   21 0 0 18 0   0 0 0 2 0   0 8 0 0 3   0 5 0 0 0
21 0 17 18 22   0 23 0 2 0   0 8 12 4 0   0 0 6 0 0   0 0 15 19 7
1 0 0 2 24   16 8 0 0 0   20 5 0 9 13   14 0 0 19 7   21 0 0 18 22
16 0 0 0 0   20 0 6 0 13   0 25 0 0 0   0 0 17 0 0   0 23 0 2 0

0 6 0 0 14   25 15 19 0 0   0 0 0 0 1   0 10 0 24 16   8 0 0 3 20
25 0 19 0 21   11 17 18 22 1   23 10 2 0 16   8 0 4 0 20   0 6 9 13 14
11 0 0 0 1   23 10 2 0 0   0 12 0 0 0   5 6 0 13 0   25 0 0 7 0
23 0 2 24 0   0 0 0 3 20   0 0 0 13 0   25 0 19 7 0   11 0 18 0 0
8 12 4 0 20   5 6 9 13 14   0 15 0 7 21   0 17 18 22 1   23 10 2 24 16