29 9 22 0 0 15   18 16 23 35 34 0   0 0 31 32 0 26   19 21 0 3 0 27   0 0 24 20 14 10   1 11 0 8 12 7
18 0 0 0 34 17   28 6 31 0 5 26   0 0 0 3 0 27   30 2 24 20 14 10   1 11 4 8 0 7   29 0 22 0 0 15   
28 0 31 0 0 0   0 0 33 3 0 0   0 2 24 0 0 10   1 11 4 0 12 0   29 9 0 36 13 0   0 0 23 35 34 17   
19 21 0 0 0 0   0 2 24 20 0 10   1 11 0 8 0 0   29 9 22 36 13 15   0 0 0 0 0 17   28 0 31 0 0 26
30 2 0 20 14 10   0 11 0 8 12 7   0 0 0 36 13 0   0 16 0 35 0 0   0 6 31 32 0 26   19 0 33 3 25 0   
1 0 4 8 12 0   0 9 22 36 13 15   0 16 0 35 0 17   0 6 31 32 5 0   0 0 33 3 0 27   30 2 24 20 14 10   

9 0 36 0 15 18   16 23 35 0 17 28   6 0 0 0 26 0   0 0 0 25 27 0   2 24 0 0 0 1   0 4 8 0 0 29   
16 23 0 34 17 0   6 31 0 5 26 19   21 0 3 0 27 0   0 24 0 0 10 0   11 0 0 12 0 0   9 22 0 13 15 18   
0 31 32 0 0 19   0 33 3 0 27 0   2 24 20 14 10 1   0 0 0 12 0 29   9 0 0 13 15 18   16 23 0 0 0 28   
0 33 0 25 27 0   0 24 20 14 10 0   11 4 8 12 7 29   9 0 0 13 0 0   16 0 0 0 17 28   6 0 32 0 26 19   
0 0 0 0 10 1   0 0 0 12 0 29   0 0 36 0 15 0   16 23 0 0 17 28   0 31 32 5 26 19   21 33 0 0 0 30   
11 0 8 12 7 0   9 0 36 0 0 18   0 0 35 34 17 28   0 0 0 5 26 19   0 0 3 0 27 30   0 0 0 14 0 0   

22 0 13 15 18 16   23 35 0 0 28 6   31 0 5 26 19 21   0 3 25 0 30 2   0 0 14 0 1 11   4 8 0 7 0 9
23 35 0 0 28 6   0 0 5 26 19 0   33 0 25 0 30 0   0 0 14 10 1 11   4 0 12 7 29 0   0 0 13 15 18 0   
31 32 5 26 19 21   0 3 25 27 0 0   0 20 0 0 0 0   0 8 0 7 0 9   0 36 13 15 0 16   23 35 34 17 28 0   
0 3 0 0 0 0   0 20 0 0 1 11   4 0 12 7 29 0   22 0 0 15 0 0   23 35 0 0 28 6   0 0 0 26 19 0   
0 0 14 0 1 11   4 0 12 0 29 9   22 0 13 0 18 16   0 0 34 17 28 0   31 0 5 26 19 21   0 3 25 27 30 2   
4 0 12 7 29 0   0 36 13 15 0 0   23 0 0 17 0 6   0 32 5 26 19 0   0 3 25 27 30 0   24 0 14 10 1 0   

0 13 0 18 16 23   35 34 17 0 0 31   32 0 26 0 0 0   3 0 27 0 0 24   20 14 10 1 11 0   0 0 7 29 0 22
35 0 17 0 0 0   32 5 26 19 21 0   3 25 27 0 2 0   0 0 10 0 11 4   0 12 7 29 0 0   0 13 0 0 16 0   
32 0 0 19 21 0   0 0 27 0 0 0   0 14 10 0 11 0   0 12 7 29 9 22   0 13 15 0 0 23   0 0 0 0 0 0   
3 25 0 0 2 0   20 14 10 1 0 4   8 12 0 29 0 22   36 0 0 18 0 0   35 0 0 28 0 31   0 5 26 19 21 33
20 0 0 1 11 4   0 0 7 29 0 0   36 0 15 18 16 0   35 34 0 0 6 31   0 5 26 19 0 33   3 0 27 0 2 24   
0 12 0 29 9 22   0 0 0 18 16 0   0 34 0 0 0 31   0 5 26 19 21 0   0 0 0 30 0 24   0 14 10 1 11 4

13 15 18 0 0 35   34 17 28 6 0 32   5 26 19 21 0 3   25 27 0 2 24 20   14 10 0 11 0 0   12 0 0 9 22 0
34 0 0 0 31 32   5 26 19 0 33 3   25 27 0 0 24 0   14 0 1 11 0 8   12 0 29 9 22 36   13 0 0 16 23 35   
5 26 19 0 33 3   25 27 0 2 24 0   14 0 0 0 0 8   0 0 0 9 22 36   13 15 18 0 0 35   0 17 0 6 0 0
0 0 0 0 24 20   14 0 1 0 4 0   0 7 29 9 22 36   13 0 0 16 23 0   34 17 0 0 31 32   0 0 19 21 0 3
14 10 1 11 4 0   12 7 29 9 0 36   0 15 18 0 23 35   0 0 0 0 0 32   0 26 19 21 33 3   25 27 0 0 24 20   
0 7 29 9 22 0   13 0 18 0 0 0   34 17 28 0 31 0   0 26 0 21 33 3   25 0 30 2 24 20   14 0 1 11 0 8

15 0 0 23 35 0   17 0 6 31 32 0   26 0 0 33 3 25   0 0 2 0 20 14   10 1 0 4 8 0   0 29 9 22 0 13   
17 28 0 31 32 0   0 19 21 33 0 25   27 0 0 24 20 14   0 1 0 4 0 12   0 29 9 22 36 13   15 18 0 0 0 0
0 19 0 33 0 25   27 30 2 24 20 0   0 1 11 4 0 0   0 29 0 22 36 13   0 18 0 23 35 34   0 0 6 31 0 5
27 30 2 24 0 14   0 0 11 0 8 12   0 0 0 0 36 13   15 18 0 23 35 0   17 0 0 0 32 5   26 19 21 33 0 25
10 1 11 0 8 12   7 29 0 0 36 0   0 0 16 0 35 34   0 0 6 31 0 5   26 19 0 33 0 25   0 30 2 24 20 14   
7 29 9 0 36 13   15 18 16 23 35 0   17 0 6 31 32 5   26 19 21 33 3 25   27 30 2 24 20 0   0 0 0 4 8 12   