1 0 0   0 6 2   0 0 3   b b b   8 0 0   0 7 4   0 0 5
0 3 0   5 0 0   0 1 0   b b b   0 7 0   3 0 0   0 1 0
0 0 9   0 3 4   7 0 0   b b b   0 0 6   0 5 8   3 0 0

4 0 3   0 0 0   0 5 0   b b b   4 0 3   0 0 0   0 6 0
7 0 2   0 0 0   4 0 8   b b b   1 0 5   0 0 0   4 0 7
0 6 0   0 0 0   2 0 1   b b b   0 8 0   0 0 0   2 0 3

0 0 6   2 7 0   5 0 0   0 0 0   0 0 4   8 2 0   9 0 0
0 9 0   0 0 8   0 7 0   0 0 0   0 6 0   0 0 1   0 3 0
5 0 0   4 9 0   0 0 6   0 7 0   3 0 0   6 9 0   0 0 2

b b b   b b b   0 0 0   4 0 5   0 0 0   b b b   b b b
b b b   b b b   0 0 5   0 0 0   2 0 0   b b b   b b b
b b b   b b b   0 0 0   7 0 6   0 0 0   b b b   b b b

6 0 0   0 2 3   0 0 7   0 9 0   8 0 0   0 3 7   0 0 6
0 7 0   5 0 0   0 9 0   0 0 0   0 3 0   8 0 0   0 2 0
0 0 2   0 7 9   6 0 0   0 0 0   0 0 7   0 2 6   8 0 0

1 0 4   0 0 0   0 2 0   b b b   3 0 2   0 0 0   0 7 0
9 0 7   0 0 0   8 0 3   b b b   1 0 4   0 0 0   9 0 8
0 2 0   0 0 0   1 0 5   b b b   0 6 0   0 0 0   2 0 3

0 0 6   9 3 0   5 0 0   b b b   0 0 9   6 5 0   1 0 0
0 4 0   0 0 8   0 1 0   b b b   0 8 0   0 0 4   0 6 0
7 0 0   1 4 0   0 0 2   b b b   5 0 0   2 9 0   0 0 7 